816.672800
824.953700
808.825300
816.772700
817.709300
818.573800
814.031100
815.114800
817.592000
815.623800
819.768100
821.894100
825.335800
822.406500
818.489700
819.236300
735.240100
775.702700
813.219100
807.298000
807.299200
819.297900
785.409900
775.680000
754.929900
744.242000
749.728100
725.006600
749.728300
749.729200
781.240800
749.690000
786.740700
675.407000
813.214800
725.075600
725.076800
786.765100
786.766200
786.767600
725.076300
786.768100
786.769100
785.978900
715.386500
798.898200
798.899400
798.900300
783.292900
754.947400
749.749700
768.115400
794.241100
713.979400
336.937900
353.887800
294.834300
709.868300
754.923600
739.546300
749.747900
814.812400
781.247300
725.080600
725.928400
719.918300
785.975400
719.918100
776.096900
745.622200
816.759500
816.760100
812.101900
807.189600
633.329200
623.980900
750.348600
633.329300
705.154200
754.915600
735.215900
342.295600
802.330500
735.218500
754.934700
749.727700
754.934800
815.104700
816.759000
749.729100
630.916400
815.107400
811.702600
815.108100
815.109200
749.701100
819.277100
720.825300
675.406600
750.336400
630.921700
633.325500
780.276200
814.809800
740.537500
761.305100
755.140400
729.844900
740.541900
755.140300
811.682200
815.104000
816.571900
815.104500
820.204700
816.763200
634.215600
771.518700
729.215800
630.926400
630.925900
633.121300
633.109500
710.223800
766.374600
740.412900
633.119300
776.163600
781.266000
745.715900
720.848200
638.410200
633.321700
633.125500
744.214000
814.812300
814.812900
668.496800
633.329600
725.080100
725.081100
786.763200
633.131400
755.423100
781.241100
720.851800
745.614200
760.212700
745.614200
725.908500
725.079700
815.083700
755.409000
740.407200
564.449800
659.047200
798.904000
798.906800
772.924000
798.906400
670.844800
796.850800
801.761400
816.789000
814.808000
814.809200
814.810300
816.281000
816.282400
807.180700
814.810100
806.435000
816.763100
816.763700
811.664400
812.088400
820.173900
812.081200
812.081600
816.763600
794.232200
816.764600
816.765500
709.835300
798.918100
816.767500
816.279000
816.285800
814.810900
814.828400
814.813500
538.615900
538.626100
798.899600
798.901600
789.317100
794.230100
806.443100
798.919500
806.430900
785.647600
806.413100
806.443000
669.883900
745.073100
775.618700
719.868200
780.885900
780.886500
725.135100
725.136000
816.764400
749.874200
735.277900
794.212100
802.278900
745.072000
684.674900
529.210600
679.322200
745.070400
749.872600
538.615300
684.672100
538.615300
749.871900
786.735600
781.247800
725.081300
786.760600
758.217200
745.580000
725.080100
781.246700
781.247300
786.758900
745.714200
785.718400
725.143500
720.842400
780.884900
802.345300
785.718900
725.134000
813.218100
813.219500
813.218300
813.215500
813.217500
813.220300
813.217400
813.216600
798.919500
802.282200
621.553200
798.863300
745.579500
744.216000
780.883700
813.217600
816.775400
780.895200
798.907100
725.080400
725.081500
731.072300
726.442800
781.245200
725.081000
786.756300
786.757300
725.082000
737.493500
641.750900
813.332900
761.943600
761.944600
817.793400
698.569800
704.067900
704.668200
768.862800
825.088900
818.863100
758.023300
830.279700
722.395000
717.277300
777.757500
714.161400
721.143500
819.755300
804.163200
819.731100
819.731200
819.731200
819.731400
819.731500
767.704900
772.701900
819.729800
742.589700
808.515800
742.588800
857.599600
818.857100
713.098300
631.066200
631.067000
737.469100
839.742200
633.119100
742.313800
804.005800
820.034100
641.722800
641.726100
818.831600
834.318700
819.696500
829.146700
824.013500
829.147800
823.933300
814.512700
823.933600
814.512100
823.934500
818.803200
782.963000
813.559700
809.290100
803.059600
813.558500
823.909300
814.642500
814.661700
641.717100
840.829300
809.512500
788.305200
804.008100
814.664300
823.932700
818.784100
814.667900
814.637600
818.784700
808.282200
823.930400
823.930600
814.614800
756.743500
721.621700
714.162900
818.711800
809.489900
818.712200
772.996600
818.868200
813.562100
813.562500
813.562900
813.563300
813.563800
813.564200
823.905000
818.685900
818.790100
818.706400
823.924000
823.925500
809.301400
772.686400
809.494800
793.507100
814.641800
782.949300
717.179500
726.867400
782.961400
726.867000
722.544300
722.419500
838.803200
813.538800
722.407000
722.568800
818.705700
742.221100
768.798600
818.871900
818.872500
818.810100
813.558000
722.429300
722.418300
722.419500
722.579600
788.164000
736.951000
777.757600
834.635200
782.944700
818.782700
833.574800
722.430600
818.765300
814.492500
722.539400
641.717600
803.957100
808.509800
742.581200
844.589700
742.468300
771.866000
631.062300
828.606800
747.434300
813.668800
813.669200
808.525500
818.868200
818.869100
808.254500
813.667000
823.316000
722.537900
793.413200
823.894700
782.939200
722.537400
833.567000
722.538000
722.538700
761.933400
726.846500
782.930700
838.803900
726.424500
726.839200
813.660400
808.521300
813.665300
813.687900
818.868800
808.520100
737.159000
828.608600
798.023400
706.929600
747.996000
631.047200
742.567600
857.571000
839.156400
626.048500
626.049700
855.164300
701.530900
838.947800
798.859400
798.860500
717.329200
798.862700
753.042200
717.183500
767.308300
736.996500
742.566400
737.158400
726.655400
857.575200
809.267600
809.268000
868.791500
742.198100
737.152100
804.219200
862.623600
731.947100
819.721200
819.721500
793.363000
788.170000
737.039600
834.357200
798.664700
824.003200
804.143100
824.002900
721.627400
721.622400
721.662400
823.910000
717.293800
823.069100
838.936900
721.622300
696.057500
696.081800
696.054200
792.481700
696.061700
701.396300
701.394000
761.939200
808.466000
808.131800
809.334500
857.574600
824.003000
727.753800
803.041300
808.135000
823.914700
823.919900
721.133700
829.146400
829.146000
819.712500
819.712800
819.713200
813.488900
823.997700
813.488800
823.997200
744.058400
784.856200
716.925900
722.339800
716.904600
777.430300
764.308200
749.174400
764.292300
640.079400
635.063700
728.685100
779.791600
728.685600
763.740800
743.955400
769.142000
636.851400
722.338800
723.473500
749.374400
759.067600
749.375400
629.651300
637.511100
758.522200
769.362500
763.946100
723.280000
784.667100
789.793500
789.794800
784.700200
723.492900
718.438900
769.528200
713.918500
784.810000
713.228100
784.811000
784.812800
784.814500
784.816100
723.486300
789.328600
819.004900
759.044900
784.115900
637.495600
637.496500
629.647200
758.521800
744.174800
637.500500
723.278700
728.494800
779.381900
784.085000
713.157400
784.174600
728.511900
723.399300
788.827500
800.288100
804.346200
723.485300
789.793100
799.691600
799.696700
799.693500
764.270000
812.844400
808.791000
799.665700
805.337400
818.357600
812.847900
812.849200
818.358000
635.039100
736.688500
812.847100
730.483900
784.186200
799.676500
723.409800
718.372000
819.044400
788.825000
773.798800
773.802400
778.991800
743.456900
784.162300
812.845400
813.795800
812.845700
812.846500
812.847500
812.848500
794.482400
799.138000
804.343300
804.344400
804.344700
778.905600
784.087800
723.276100
728.514500
723.276800
723.277900
700.433500
718.257700
723.414000
763.725900
728.517100
723.414800
778.978900
754.542400
820.351700
733.983300
628.728000
728.512200
759.054700
707.992000
707.993100
728.472000
723.277100
707.988800
769.128800
789.257900
784.085000
784.085100
744.162900
774.574300
812.841700
789.249300
784.073300
718.404600
763.894400
729.596200
719.033800
724.164000
784.671600
740.738700
739.270800
708.706400
723.275200
820.367200
820.367600
820.368000
820.368800
820.369200
812.846400
814.973900
814.974400
784.077400
784.069100
812.843200
778.886200
723.273400
723.274300
784.558400
723.274600
729.590300
789.243200
748.538500
707.992000
713.922900
778.885300
807.442700
814.278400
812.951600
814.282800
812.954500
783.423100
783.424400
749.366400
637.983100
628.094400
754.783300
632.986200
632.987600
754.786100
820.353000
733.971400
749.357500
723.094000
723.094900
812.953500
812.954800
813.743300
819.041800
812.955200
812.956500
723.282200
717.986200
723.092900
628.091200
632.986700
778.741800
783.420800
738.031900
783.421300
717.986000
702.523800
783.421700
723.091200
783.422300
778.736100
728.457800
784.091300
707.986200
763.726800
784.666300
774.574500
804.451400
779.595800
789.275200
784.089600
818.367300
824.450000
819.027200
819.005500
818.367000
711.778700
818.367000
812.847800
784.672000
784.649900
716.897500
711.748800
789.794400
784.671800
784.642500
784.632000
743.936600
724.155500
774.575400
779.312500
728.492700
635.000900
812.956500
777.410600
812.847500
812.957500
729.577300
789.276700
723.454500
723.455600
784.086500
784.087700
723.455400
738.814500
723.455700
723.456900
815.243100
818.356500
806.026900
0011 did not execute
0012 did not execute
0013 did not execute
0014 did not execute
0015 did not execute
819.561200
806.005300
807.163200
797.037000
725.294200
715.677600
720.263900
776.352400
720.263800
725.291600
741.334300
781.163200
720.266800
776.325900
780.608700
809.727800
804.623200
814.858300
814.859900
780.456800
717.040100
780.461000
776.040900
814.858700
809.724200
809.213900
807.174400
818.428800
780.774800
780.765800
820.056900
801.046900
809.213500
814.817000
814.806900
722.678100
722.725100
815.382300
814.814000
814.805900
804.187500
812.222200
806.556500
811.608000
816.211800
816.212500
811.597200
816.212600
816.270700
816.212400
816.213200
781.700000
725.173900
811.310500
811.371000
811.310400
816.480600
839.885000
830.407700
740.248700
783.323800
639.036200
834.762600
794.555800
639.044000
842.285000
626.895100
631.962100
783.868200
544.503300
808.654900
720.185100
811.798800
849.982900
816.855100
720.251400
811.799700
816.381700
791.558800
730.551100
817.022900
801.649700
724.732400
817.006400
812.018600
816.418900
806.492300
821.645200
816.429900
816.918500
816.425800
639.930500
634.819100
781.001800
785.949200
771.882600
771.333800
776.369200
759.854700
812.750900
817.008200
720.868900
720.864400
816.997900
812.736800
812.742900
812.735500
715.785500
720.849000
801.726600
801.650900
801.652500
808.634800
813.829000
801.653600
781.546900
819.434500
814.311800
814.312300
814.312900
801.726900
766.200800
806.935700
819.432600
640.395500
720.589000
720.609700
775.869200
781.003400
810.887000
805.734600
781.324400
806.707700
796.210100
796.210500
730.348000
705.313700
780.982100
801.451200
780.973600
719.950600
780.988300
719.950700
544.506700
855.271200
831.929500
544.441200
817.460800
675.123000
724.765800
535.030300
816.237800
746.384600
816.194500
816.388500
779.597400
720.332400
801.713700
819.836600
814.267200
780.792100
818.683800
780.794800
799.227700
799.228200
799.228600
799.221800
799.228400
796.079500
790.888000
796.076700
749.690000
785.623300
804.625900
750.916100
799.377000
776.046100
765.369100
799.228200
805.403200
805.403700
810.617100
810.617500
815.940100
815.940900
810.616100
810.616400
821.108700
815.939600
809.736200
732.922100
799.381600
785.420800
730.556100
750.747800
806.340500
846.902100
783.364000
789.808400
725.439500
821.512300
826.224600
725.463400
804.441000
814.271000
720.590500
720.591300
784.141600
720.569100
774.785000
784.177400
788.796500
779.059200
784.150500
720.579100
639.134700
816.201400
821.510400
826.678400
821.510600
821.511400
719.492500
773.948600
720.359200
781.668000
679.048600
654.034500
719.494600
724.766700
694.220700
684.199000
813.360400
808.935200
813.350200
808.942900
780.887900
780.881000
813.341500
815.391200
730.749800
730.750600
745.847200
784.130300
730.750800
784.155400
730.751000
788.793900
819.865200
758.046800
631.173100
735.852100
758.041100
720.367500
705.251300
725.695700
785.666400
786.350600
730.772700
811.736400
811.752600
807.359300
811.740000
816.932500
807.358700
811.727600
811.730200
786.509900
815.187100
786.510800
790.878200
722.830700
780.975400
722.297200
785.708300
814.437800
815.191700
815.192700
812.065300
815.193600
812.065700
812.064600
809.344000
815.209700
812.066400
818.336500
821.598900
814.266200
785.779500
776.428500
720.242800
781.140100
786.395400
781.136500
786.399000
776.342000
786.389700
801.495400
763.378900
813.819300
818.395700
813.818200
801.322200
811.825500
806.680400
799.439600
750.963200
785.969100
783.636100
724.507400
807.395500
811.578200
724.496400
724.504300
724.502000
729.466900
744.825100
817.431600
815.383700
820.055500
814.792000
814.795600
820.055700
814.793600
814.782600
814.785400
814.780000
814.786700
820.055000
815.027900
815.046400
815.030300
815.031200
815.049900
815.050600
779.611400
725.164400
741.060000
722.331800
720.362700
725.136300
777.563500
781.652400
740.547600
786.303300
721.650600
816.381700
725.749900
780.790300
723.674500
724.279200
783.932900
789.396300
633.935200
721.647000
786.702300
812.041300
800.258900
705.375600
695.444100
780.999300
771.299800
771.290600
780.998400
767.011100
700.587800
700.588900
700.578100
815.369400
817.435400
807.562600
812.713500
817.944900
817.434200
807.134500
809.181900
798.247400
811.225900
816.368400
809.168600
816.374200
812.719100
816.375100
816.368000
679.689300
842.576800
675.135600
846.934700
831.795800
837.031600
684.717100
534.440500
783.931600
783.928400
821.520000
821.520800
804.630200
724.270600
722.250800
789.362700
720.226700
720.220700
786.397000
786.391100
786.397500
725.258500
720.230400
725.253400
725.621500
725.615200
789.917800
780.865500
730.684600
816.146600
720.467700
789.859500
816.147300
714.974500
744.856800
634.128900
783.928600
743.036700
783.713700
722.244100
756.693100
786.703200
816.202200
781.636900
786.743100
804.490000
800.235000
786.194400
725.798700
720.660100
725.802300
725.798700
720.655300
781.657400
634.262000
781.601900
760.941700
725.620200
717.210200
789.895600
725.722600
783.318400
719.489700
723.666100
812.061500
812.062200
781.633800
796.559700
801.655900
801.656800
801.657700
815.190700
725.250700
815.191400
815.191900
727.365600
786.379700
722.314500
811.295300
786.730800
815.043600
811.297800
804.634500
799.362400
799.348300
722.316200
809.740000
799.354000
799.359400
804.633800
770.521700
781.405300
790.939600
781.344000
820.176900
820.174700
725.119300
804.664400
720.358400
780.416200
725.005800
777.772800
805.415300
810.564000
815.955900
719.876000
725.004800
725.006300
780.978900
810.617400
810.564900
799.229700
730.752400
815.172100
820.304600
820.299400
815.167900
815.160900
809.738500
815.147600
815.163500
806.589100
815.149900
714.960100
628.594800
737.482000
628.589300
628.593700
765.134000
766.428300
795.632600
722.687000
718.440500
788.564700
797.077100
779.042900
802.340600
800.295700
802.348500
745.064500
786.770100
779.581800
780.182500
779.581300
725.113100
725.117000
781.614900
725.112100
791.019800
725.733600
788.767400
788.756200
814.870600
789.852400
786.177100
786.175600
746.137300
720.645000
715.599500
745.818100
779.035900
784.148400
751.085500
779.035500
818.671100
788.760500
813.769800
810.617000
765.982800
811.824100
813.770100
813.770400
638.814900
810.980000
745.212200
725.728600
785.763300
811.702600
811.707600
724.475100
811.702100
760.415800
748.287000
705.350200
720.780900
780.537200
724.470100
807.355800
816.918400
534.406900
715.019800
724.701000
724.699600
812.022800
756.002400
750.931000
750.924400
780.714800
719.569900
710.022900
534.402700
724.694900
780.714300
780.706000
724.692100
761.503200
743.198200
693.996800
730.855200
638.819000
748.024500
817.365900
817.366600
638.812500
801.267600
818.356100
811.819300
638.815000
817.358000
811.820700
811.821200
817.358600
817.329700
719.569100
725.707800
746.028900
752.746900
765.642900
730.853200
770.689900
634.116100
634.288700
738.028700
799.229700
786.182200
705.326300
743.272800
821.520400
815.088800
809.800800
809.799300
809.787600
809.802200
815.088200
820.062500
804.200500
814.764900
820.062200
815.055700
717.718700
804.643100
815.055600
786.268800
782.162900
815.056500
717.665300
768.084000
805.416300
725.006000
729.741700
836.114600
725.028500
719.871100
725.005300
817.394300
0004 did not execute
529.334800
786.521400
816.385500
809.159900
816.342600
797.637300
809.144900
809.775100
816.345300
822.001400
816.957300
812.682000
816.938900
816.933500
816.953000
816.946900
813.405400
784.176900
789.378800
745.247400
785.381800
780.790900
783.996900
721.672400
811.736300
780.790100
723.719100
679.023300
694.176200
783.937100
816.894900
719.467600
714.733300
724.738600
724.739600
809.581400
815.333100
761.418100
720.693700
761.418800
710.399000
756.217100
640.342600
725.586800
748.274300
817.387300
813.300300
813.303100
815.340100
799.654600
803.957600
752.960700
804.508600
800.260000
781.607500
804.508400
800.259600
781.599900
804.506200
804.506700
791.228000
800.255600
816.379500
821.604400
821.605000
816.378800
710.024300
738.929200
821.604500
821.605200
815.143900
815.148200
815.151500
809.737900
809.701100
819.851800
815.140500
809.737900
821.665000
0009 did not execute
805.608300
785.712000
805.608300
0002 did not execute
0001 did not execute
800.479200
800.481200
0006 did not execute
0005 did not execute
714.553800
740.576900
722.290100
781.383000
811.794700
815.337800
780.681600
801.047000
814.330400
810.080200
814.331000
815.195700
812.058600
815.196100
819.445900
806.157800
815.195800
638.801900
804.643100
814.868900
814.869500
814.870100
814.870500
814.871100
814.880200
814.864000
819.703000
814.851700
776.863900
634.286300
738.998300
747.689300
844.912300
725.229600
801.259600
725.441200
788.759300
781.088300
638.798300
809.740000
815.125100
809.739900
809.736400
809.740000
815.135900
815.121300
809.735500
815.757500
820.273000
780.831000
715.309400
785.946100
722.696700
806.466900
780.783200
722.696400
744.548300
797.051800
794.993800
811.522100
811.519000
797.057800
794.989700
795.003700
819.404900
816.467100
816.467700
821.582400
809.768500
821.582700
821.587100
816.466400
783.907700
821.582100
811.309900
818.633300
820.662400
818.635200
818.637100
818.629100
818.625100
818.629500
818.619100
780.832300
816.179300
814.215200
817.352800
780.832800
756.209800
721.596400
756.201000
802.291100
813.281200
770.670400
765.619900
756.213100
818.346500
634.287800
634.266500
634.287800
634.288500
715.148500
806.680000
710.010600
775.374400
818.627700
807.107200
811.200100
827.046700
780.537000
811.202400
783.677500
780.537300
783.678900
807.516100
814.241600
685.688300
678.323400
534.376700
534.373000
700.234500
745.755500
750.905700
815.047800
808.655000
808.561600
813.760500
811.309400
813.760700
813.760700
813.689200
818.337200
786.353800
722.024800
745.789800
785.709700
801.555800
722.278600
841.328300
806.711000
817.372300
815.058200
811.825300
805.676700
818.337200
781.093600
781.109200
775.960700
818.330700
790.413200
785.355500
785.365300
785.359900
820.181800
747.677400
815.058500
766.979200
804.642000
801.556400
748.360200
801.557200
819.828800
811.217300
804.643300
781.460100
809.145400
809.781800
815.096700
781.342700
781.343500
799.232700
804.610600
804.613300
794.991400
722.273200
781.281300
785.687700
722.265000
740.984100
634.240900
775.837400
722.264100
815.966600
821.117100
725.013900
725.207800
831.777700
795.658200
805.417700
725.013700
758.625700
819.817500
764.174400
631.891900
819.813800
754.767900
797.044700
831.725700
811.287600
819.875800
786.297200
634.254100
725.445800
817.375600
776.864300
720.781800
814.437700
720.780200
780.007000
801.451400
776.862700
720.775000
779.982700
780.006100
787.709200
816.179200
816.179900
816.180600
810.967300
730.580700
725.443900
544.058100
678.999300
538.663400
544.736600
544.057000
508.888900
658.543900
663.572900
709.585000
544.051500
635.154600
746.039100
640.318100
765.606100
808.877000
756.201800
801.568300
710.363100
809.138300
818.618700
808.863800
818.609600
630.648600
639.776700
818.614200
814.197200
815.109200
814.432000
818.337400
710.616600
791.014300
819.812800
801.652000
786.297600
781.242400
720.419800
776.983700
725.631800
730.787000
786.299200
748.571800
814.431500
791.487800
786.519700
780.916500
819.809900
819.816100
811.283300
824.951400
722.835700
717.727700
722.832500
710.337400
780.976100
740.978700
717.725400
722.833900
