697.845700
700.842200
702.836400
698.815000
710.819500
706.877200
708.892600
707.944900
704.949600
700.949700
702.965100
705.908700
702.911900
703.926700
708.903900
702.814300
637.601500
694.211000
697.845700
700.842200
702.836400
698.815000
702.814300
710.819500
731.013200
732.914400
633.527000
580.150700
733.023900
714.059700
711.822600
705.797000
711.849400
711.822800
711.823100
711.823900
711.824500
714.065500
711.823700
733.056800
550.724400
766.962900
797.182100
791.607600
721.378300
737.334300
709.105200
647.295700
791.605600
550.719000
733.081600
729.004800
696.972800
734.839100
714.059400
690.881300
763.936000
695.475900
760.036800
576.884100
703.608000
709.798300
763.934500
769.874400
740.298300
572.031500
545.421700
790.195700
550.387800
545.406100
786.244200
790.196200
756.631800
790.207000
752.459700
760.720200
733.690400
723.133100
798.449700
757.777900
542.430200
798.448900
756.669100
756.670400
756.671900
760.723900
756.673400
568.732000
568.732200
727.087100
736.648500
756.672200
690.391200
756.606500
707.241500
728.570400
766.712500
576.715300
760.681600
571.514300
580.149800
576.713800
685.996900
745.031000
580.151100
768.211300
760.990100
710.485400
711.001700
635.070300
734.750200
640.385900
635.104600
635.069600
571.432300
734.759900
635.069300
734.690600
728.820300
707.776700
702.115300
680.849800
635.067200
689.373600
797.401300
772.270400
772.211300
753.950800
768.208600
551.833800
797.398400
546.866000
542.055500
797.398900
576.792800
571.824000
751.120400
705.803700
734.926000
713.983500
571.821700
771.341500
705.752600
771.342100
765.303600
761.262600
775.403300
529.755400
765.302700
579.679900
673.113800
702.635100
733.057300
633.527800
803.622500
797.949300
538.069500
809.118900
749.281200
788.606500
612.920400
617.961700
720.600500
797.858400
722.854400
712.195500
612.960800
607.895800
701.128300
701.128900
701.129000
707.235200
720.735800
707.156400
710.478000
707.157700
550.405900
806.664300
786.133200
733.639100
733.639000
793.377700
768.411100
709.996200
707.086500
714.619600
530.487000
560.907100
760.966100
563.877300
563.868600
563.877400
713.899100
676.292400
769.888600
756.680300
781.354900
717.330900
707.234100
704.830200
741.425900
751.470800
560.909100
698.189200
710.859400
617.408800
733.638200
617.408500
622.487200
716.939400
622.480900
727.238000
727.238500
627.613700
533.569600
627.613900
769.043500
723.073800
727.252400
714.831800
723.073300
723.074200
627.696200
627.696100
721.128200
721.129400
694.845400
579.723800
710.104300
708.694200
688.727900
702.571600
694.035000
673.114800
699.280800
676.813100
671.628400
676.764300
697.779900
625.217900
713.841300
710.892400
710.848000
713.803900
713.805100
706.456600
708.705100
706.456800
708.705700
745.160100
543.034100
710.852300
710.854000
538.067100
718.723000
679.699200
712.370800
674.553800
679.716900
720.677500
733.085200
714.565300
714.566100
711.666000
709.416100
728.961200
701.096100
713.814400
711.667500
711.668400
707.155500
548.181500
710.476300
716.777400
710.475600
712.580300
557.689200
768.995500
557.689400
749.272900
729.272600
749.273200
680.811100
728.881500
728.817500
728.857500
724.782200
718.387600
624.490900
618.848300
636.320500
701.540700
721.365500
727.238100
733.209900
636.319500
751.452800
681.852400
793.379100
637.350500
637.350800
730.780700
730.781400
730.781200
726.582300
637.347600
724.476200
732.721500
637.346100
734.690400
684.888900
629.975800
711.811900
705.712000
711.569600
711.725800
716.262200
714.008000
761.167900
579.799900
543.000900
797.837900
579.684500
761.012900
579.684500
761.053700
718.677200
778.785800
658.470200
574.436000
703.629600
695.472600
733.063600
728.816100
790.158500
728.926900
637.786300
637.825100
722.784200
633.552000
726.971600
623.242700
665.712500
701.500300
760.018000
701.500000
576.875300
763.928800
576.875300
763.929700
576.875300
576.875700
698.528800
766.895900
737.308300
770.894900
766.895900
573.913000
733.665600
627.698900
710.904500
678.529300
633.338600
627.698400
622.466900
684.294600
733.620600
627.708400
694.591500
739.517300
700.673500
696.538500
688.286500
682.234800
711.119600
684.289600
568.712700
756.673100
712.275100
623.195300
699.875300
695.382500
699.876100
708.088900
680.778300
695.360200
699.875800
680.778900
680.780200
680.770200
628.322800
716.715100
546.856800
802.904700
623.281000
690.149500
739.473500
733.081800
797.357300
546.858200
758.066900
551.821900
802.866700
802.867400
797.389500
762.152200
707.158500
707.161300
707.161600
707.161700
707.162700
701.111700
707.162400
701.117200
688.282400
694.584900
760.663800
580.148000
632.926200
707.080200
684.321600
696.498000
741.148100
579.775200
765.232200
574.505600
691.823600
765.232600
761.143800
579.775000
633.550200
628.317700
728.851600
728.918500
628.318400
710.829200
726.974300
628.318700
704.182100
625.237800
684.318100
625.238600
684.321000
630.539700
728.857500
530.472700
736.176100
739.449800
707.123200
716.740100
613.017500
628.298300
720.649200
633.509700
733.088700
633.566800
633.567600
733.091700
690.160300
710.054700
689.299100
733.014300
630.567800
726.968000
797.825300
628.342800
682.171500
707.161100
607.822500
797.825500
846.625300
837.363800
691.818200
569.552000
761.137400
574.506200
525.165300
761.234700
837.330800
837.331800
717.327100
761.132000
741.381200
547.360600
690.141800
578.950500
798.405600
733.206200
737.321300
727.232700
717.351400
733.205600
632.928000
737.319600
627.592900
727.231200
706.802400
692.412100
606.166800
670.946700
573.895400
737.655500
676.294900
627.701100
641.963100
723.076200
633.339000
727.226800
733.569500
633.338800
627.699200
627.700100
627.700000
563.865900
622.465500
617.339600
736.178400
713.875700
543.685300
736.178900
779.616100
788.887000
538.946400
538.947400
538.948000
538.948800
794.554600
788.884800
681.479400
724.282100
730.148500
730.149700
730.151000
730.210400
713.868700
701.141300
707.744200
713.824700
701.114500
707.161200
701.114600
701.101900
701.079700
707.160000
706.456000
708.709300
708.709700
710.789000
714.813800
708.709100
710.858400
706.453200
708.709000
706.453000
707.160100
709.370400
711.613700
714.562800
720.655800
728.919900
733.069900
728.920200
633.491700
711.670900
671.595400
671.596000
713.820500
709.413600
707.157500
716.706600
707.115500
757.011800
526.531700
736.173900
710.481400
691.805400
761.120800
637.094800
713.820500
629.970100
711.667100
728.624800
624.472100
728.818200
728.887100
624.473100
705.985000
699.905700
685.976300
685.978200
643.007800
725.536400
728.818300
624.502900
576.381600
767.104600
728.654500
629.958000
637.035300
581.638800
767.100200
581.637800
728.624600
718.375300
629.943300
761.130400
686.526500
728.623700
629.966700
629.953100
730.197400
710.434400
736.618800
639.162900
733.040900
710.449800
630.553200
562.641500
562.642000
712.580300
761.113800
734.724800
567.907700
710.479800
562.642700
749.279700
562.642100
763.411100
768.988200
630.010900
733.098400
607.919200
784.106200
538.532700
535.431800
799.031600
625.224500
748.853400
764.493100
769.873600
633.568200
733.084000
710.442300
711.730300
670.962700
720.283400
670.962800
670.963500
736.170600
665.687900
684.818200
676.283500
736.112300
720.280300
766.909300
751.479200
578.940800
698.516300
627.719500
727.247800
573.891000
727.161500
532.779500
749.501900
763.742300
763.770200
773.332300
737.648100
698.147200
722.766600
703.926700
697.131900
636.312200
734.619800
628.308700
728.916400
733.070800
633.544400
720.657000
733.066400
753.877700
576.638400
758.064000
688.749700
762.155000
758.000500
758.062800
571.431800
541.987000
546.859700
602.809200
718.648500
775.638700
775.671200
790.496300
629.734300
535.429700
535.431100
543.024400
702.040200
781.288300
624.433100
607.814200
607.822000
607.815300
607.816200
726.982700
628.313200
579.728500
734.672900
765.188700
705.637100
765.188800
584.674300
628.305000
728.815500
623.213500
733.065200
623.213500
722.758400
720.597700
720.726100
710.448000
720.649500
690.133900
628.299000
628.299500
628.299900
623.211000
714.546100
720.647100
720.647200
623.210400
639.538200
639.531700
724.787900
734.698200
710.430100
716.751900
745.160600
739.185500
705.983400
708.049800
703.591400
703.591900
714.191500
705.982700
712.283100
712.284200
635.108800
706.877200
708.892600
706.689100
707.944900
704.949600
700.949700
702.965100
708.903900
705.908700
702.911900
568.672200
697.759700
725.574700
652.332600
770.868900
727.523100
628.313200
722.292200
837.283600
824.624000
525.111500
525.162100
784.720300
846.572300
515.968800
846.573600
837.282300
837.283200
533.561500
766.905000
797.128300
797.127800
550.674700
757.013900
760.939500
545.715400
797.120900
797.123700
540.710800
772.200200
533.560400
710.470400
728.823300
575.539200
574.451300
707.159700
580.151300
711.616100
576.459200
710.456000
779.604100
763.913300
803.744700
773.846100
779.601900
730.194500
703.590400
703.591000
701.475900
703.586700
707.778400
707.779300
707.779300
709.734500
550.280800
707.775800
703.588700
707.778700
711.670000
701.095300
790.139600
766.703600
713.832200
709.418800
707.152400
840.667500
802.206700
757.697000
798.400200
633.552200
798.400900
802.206100
547.360100
694.565200
763.742100
542.387700
714.546400
712.291000
714.546800
712.290500
714.547900
710.028300
712.290300
716.703000
707.770700
707.150500
710.028300
562.642000
703.587900
765.170000
688.276500
765.158700
701.041900
712.290700
808.248500
744.683200
579.663900
761.065000
724.789600
640.357200
629.719700
635.123400
728.825600
778.868100
689.316400
778.347800
712.361400
639.162500
633.527500
767.744000
633.527600
633.452700
728.902400
633.527400
639.160600
762.087800
574.439700
767.572100
773.597400
697.073300
574.435400
574.436200
771.200800
765.120200
766.879700
771.200900
533.922100
529.608200
547.360600
533.987300
765.150300
529.765000
529.765900
765.253800
657.507200
705.709900
747.439400
543.023100
776.626600
763.746500
812.694000
772.903800
578.922500
690.454300
543.021800
765.264100
532.780200
704.372600
739.256600
739.187900
579.811100
759.407200
739.187800
716.774000
607.812000
766.894100
635.049600
766.895200
734.704300
627.564400
809.081200
710.463700
753.350900
548.171300
548.172500
632.907200
763.413700
712.299400
690.855800
707.742600
727.177400
560.835100
773.838100
744.328100
773.838000
707.153300
737.292200
733.082400
560.878900
560.880000
560.881200
533.526400
560.882300
560.883400
737.655400
714.807000
537.562500
612.964700
721.113500
532.772400
763.747900
704.189300
585.618600
553.165300
694.584700
756.673000
758.847600
635.045300
701.090100
532.772400
793.378900
793.376100
745.143500
799.050300
580.159300
749.257600
710.466200
781.671000
764.483500
791.632500
781.699900
543.013100
542.019500
715.329400
787.661000
542.019200
766.653100
713.835800
713.836600
709.418200
713.807100
760.652400
760.652800
542.999500
679.931600
749.255300
745.150300
768.962500
543.008900
739.172000
763.389400
716.764500
543.007500
771.186500
579.665800
745.091000
778.347000
674.461600
765.159200
757.089300
584.631100
703.967000
679.635400
722.747600
674.447900
705.760900
761.199400
684.834400
695.437400
701.412300
712.290800
579.695500
772.881600
557.660000
705.977800
574.635000
557.660500
749.246500
628.294300
745.144200
562.622500
659.125700
562.640700
759.392600
758.920000
709.725100
727.212700
636.220300
793.379900
799.052200
548.169500
793.442200
636.295000
636.296200
727.218100
733.184100
721.343900
636.296100
681.826600
727.218500
738.260600
763.211100
575.999900
692.114700
760.177300
575.965500
585.033100
762.228500
696.207400
576.976400
764.298600
761.305900
577.051400
575.058500
766.273300
760.234800
791.613000
783.573200
599.662900
894.801000
894.792800
549.397900
889.767100
745.383600
783.611100
744.351800
720.904000
705.859800
725.224400
733.475900
733.476700
630.747200
630.633800
733.382900
731.339500
632.757900
730.234500
630.616900
710.632600
723.974100
718.875800
587.726000
584.594600
638.370300
662.814900
656.770500
704.875400
587.589200
588.595300
634.824200
633.761800
577.946500
716.873900
615.128700
766.171300
685.136100
683.032200
752.359700
570.090200
536.129500
534.987000
750.195200
726.009300
721.073600
572.121400
693.995000
688.908600
690.845500
688.826200
689.754000
691.843300
701.764100
688.477400
739.466100
683.292300
727.877000
730.891700
565.625400
759.789400
762.017000
756.887900
629.267200
635.491400
737.376700
579.152100
728.070500
725.094600
632.290400
738.249400
576.971500
732.022700
731.051200
604.440600
735.088300
564.750000
581.215700
627.724600
576.860900
729.428000
754.506500
709.961800
713.199000
579.088900
577.823000
711.049800
769.231600
726.791300
627.774600
710.878500
710.933300
711.816000
711.869600
718.199300
727.456700
712.030900
760.766300
763.714000
761.840000
795.068800
730.048400
688.226300
769.013800
764.968100
784.166200
790.188900
547.226700
784.157000
537.233300
792.230600
538.331000
787.201400
792.143000
544.968900
582.220600
766.119400
763.092900
672.088700
559.663400
704.139800
576.908000
781.071700
570.490500
746.768100
739.735900
576.862200
769.108900
778.097700
565.159600
737.434600
718.113800
710.943000
775.260700
766.236000
633.102800
630.978300
686.116900
733.058900
732.160300
728.072100
666.555700
603.750300
707.398600
630.669500
678.690300
682.799300
710.411400
634.443300
735.160100
635.750900
637.971100
735.204300
704.397200
728.201700
725.810000
641.160500
689.375900
756.936600
692.413400
541.785400
632.760600
736.196100
720.583200
712.082900
720.399500
713.502900
542.440800
606.902200
718.396700
731.485400
627.507500
724.522400
712.461000
621.302000
621.404200
749.803100
710.536600
605.933700
764.938200
685.972400
683.094300
803.104000
724.400600
703.018600
770.633200
664.897800
756.657400
556.786200
729.548800
711.098600
772.939300
552.752100
729.268800
554.525700
528.601300
585.042200
611.881000
778.162300
634.223600
627.608800
624.530900
624.575200
630.876200
701.726800
732.434500
727.378900
626.849100
738.194200
625.489400
582.239800
549.079100
742.477000
691.453800
591.550300
710.871300
707.715600
736.337300
585.132200
588.294100
588.223500
755.435000
757.313200
677.609100
679.441800
678.394500
688.742400
727.601700
761.823500
565.718100
761.891700
756.931500
769.696200
766.720500
764.759200
563.522700
575.077800
574.038000
730.321000
730.320000
630.733200
699.604400
564.878400
565.927900
736.394600
631.743300
575.234500
574.186000
568.063500
758.273300
706.232300
753.092900
573.057900
747.131000
712.332300
714.074000
717.111400
714.150200
720.236000
736.571600
733.504200
636.588300
693.803700
727.669700
634.578400
624.499800
732.994300
721.873800
692.282500
727.019400
732.157900
625.769500
735.273700
712.854600
626.349300
717.861200
712.744100
713.731400
712.657500
688.088200
643.017600
714.458600
786.466700
551.450400
787.503500
544.763500
748.272600
753.339200
750.365500
544.811600
545.890400
785.528900
711.219200
630.817500
704.131500
729.144800
694.308900
631.523100
734.198900
630.393200
631.419000
572.990000
699.223800
630.475400
636.777400
577.880700
760.964000
763.914400
739.712300
626.222800
726.697000
735.513600
731.894300
778.079500
710.546900
712.630900
625.969100
691.003400
719.786000
712.573400
712.574100
711.562800
553.898000
713.627800
753.110500
708.813900
622.231400
745.697700
750.754300
569.553000
570.662600
570.683500
760.948800
753.955700
571.879100
764.053100
555.122600
745.012200
755.949300
558.115400
680.824200
747.783300
690.060800
637.925900
792.786300
711.361900
631.816600
733.258500
631.886900
733.338800
727.299800
632.054300
745.825600
766.240100
790.845300
777.793300
778.729800
770.687600
787.680800
544.179400
724.421200
630.462000
708.535200
632.771000
730.713500
730.660300
740.031700
628.633600
628.737200
732.011100
628.513700
627.427700
728.861600
733.878700
701.647500
669.508300
670.968000
785.227100
667.864800
664.819700
687.239400
695.447100
716.936300
716.942100
544.083000
770.278200
786.260300
766.190500
535.131200
787.271600
636.581400
733.940800
736.003300
732.990000
636.418700
641.722400
729.770900
634.469700
544.693300
543.666400
749.822200
750.864300
803.029300
604.306800
787.235100
737.162000
766.258800
737.978100
764.274700
567.520600
569.587900
768.179800
767.227200
569.579100
563.635900
683.027700
758.516700
766.575100
710.644500
703.960700
753.400100
563.658200
712.098400
721.450400
571.193500
790.009500
755.483700
547.775300
573.410900
714.694200
605.337300
575.584100
601.723200
678.585900
705.467100
786.509100
631.526500
718.865900
791.191700
815.203500
543.711400
782.191100
781.220300
765.151200
563.269900
689.108300
771.223600
756.353200
764.423400
754.620900
753.373400
790.874900
745.700800
725.354000
714.342100
796.044200
794.049700
708.538100
578.941300
767.078600
738.780000
575.748900
539.933200
760.119400
748.843600
538.778600
692.890400
695.918600
700.055200
683.505100
767.466400
751.769900
571.926600
521.135600
784.208200
756.335000
765.436200
526.655300
820.316400
792.599300
524.751900
797.527700
664.065400
712.186200
704.084600
727.936300
555.857100
631.480800
725.949200
734.866500
658.849700
716.633600
724.794700
556.172200
752.004600
731.074900
712.679500
625.345600
740.079900
621.534700
773.042700
723.582100
621.452300
733.767600
729.643600
724.645600
633.879600
728.908500
728.956000
724.936000
638.090400
634.039200
689.325500
728.158400
574.175000
751.193100
761.188300
756.144400
576.131800
697.385600
785.661000
787.692200
783.018400
531.227600
541.424200
743.654600
737.623400
548.202000
786.999400
791.042000
732.100500
757.246100
568.204100
759.174800
689.027000
694.116600
562.772400
565.913000
564.819100
756.962800
703.315000
575.316800
575.337600
721.453500
727.173400
542.488300
842.204700
542.506500
540.278500
591.370000
698.338600
587.101000
758.345700
742.213200
574.292800
765.354900
697.904800
691.269100
729.503600
622.874300
578.013100
766.062600
784.452200
717.475700
615.755500
757.970100
612.628500
626.048600
731.427100
717.740200
625.952400
724.545800
633.487900
631.367500
629.260100
714.598600
710.497800
728.281900
630.073900
700.227700
738.082500
751.068200
726.700800
544.701000
602.504400
602.532700
604.620000
612.840200
613.908400
737.106200
726.779600
709.315700
698.065000
613.814400
614.883600
757.726900
715.784100
690.965900
679.907600
712.799200
577.826700
622.535200
731.117400
713.858500
584.371600
699.922700
697.853900
714.919000
726.382900
716.165500
623.788700
736.360300
717.046600
727.667800
714.745800
712.717000
768.341500
612.206100
605.393900
614.250900
696.975600
616.340500
671.819300
621.468500
786.242500
770.233400
712.678700
679.791100
702.717700
620.709900
623.050200
729.283900
621.895700
624.981000
729.534500
627.358700
720.335700
622.060100
556.352000
733.721600
559.482800
747.176800
735.561000
631.067500
696.682200
637.854400
692.853100
720.433400
699.911500
698.853100
700.189100
708.369800
698.060700
697.003000
713.628300
595.495400
705.287300
713.842200
712.104400
633.713300
638.891800
719.947200
712.774200
633.772000
715.867700
687.529600
716.227400
629.967500
631.030900
628.928800
692.699300
709.104400
633.141800
791.006600
547.082500
637.664600
634.587100
718.509500
726.543700
689.772100
627.563100
739.504600
609.761000
762.114700
573.562300
709.081500
735.960100
633.603800
636.736300
722.630200
718.567600
730.283500
700.197200
669.935500
696.000700
564.859900
753.676500
739.529700
771.788000
567.871700
582.017100
712.656300
668.643500
698.280200
662.513300
728.179800
729.248500
712.752800
632.635200
635.729800
728.153600
688.190900
730.221400
735.296500
636.811500
632.623400
728.125400
632.641800
715.449100
711.280300
711.260800
715.335800
715.706800
715.678500
711.521100
711.461200
731.769300
739.896600
626.445600
626.454300
725.908900
625.693300
721.788900
625.605100
708.938500
552.814300
736.314200
646.876500
896.877800
605.996300
894.892600
741.466100
736.663000
738.365200
598.661700
629.935800
754.318100
793.029700
785.702600
728.416100
628.771500
668.528800
747.311800
536.393500
791.923300
751.774400
794.949900
747.744800
794.966800
537.586200
791.980400
792.025900
539.848300
610.888600
730.830400
719.773400
724.701600
586.375900
720.556400
683.898000
735.605600
587.246200
587.125600
717.390400
769.040400
670.572800
714.992500
579.680700
630.448600
568.413800
698.153300
577.717100
768.130500
713.997100
640.406600
730.217500
636.464000
633.363200
634.356300
728.295900
732.598200
628.363800
729.502900
719.328500
751.627400
679.561900
779.594600
766.631300
702.293200
763.881000
535.326900
774.813000
549.862800
742.194100
719.767600
714.632500
546.816500
791.585000
745.341100
739.784700
730.281900
567.470000
755.417400
633.685000
758.653800
690.600800
560.092500
544.474900
565.144700
563.085800
545.664900
656.805100
762.812600
546.714600
760.876300
544.569200
759.832100
742.683100
795.548800
681.810900
752.739600
626.731700
674.277100
561.751100
756.928100
759.826100
789.489300
630.752200
720.038300
708.835800
561.800600
764.872800
703.925400
576.448100
579.526200
762.530500
762.442600
717.338000
736.277300
612.340800
752.971800
721.910700
636.776100
762.481900
710.631300
721.900400
715.742000
712.659900
709.572400
676.227900
579.953500
707.251400
600.339800
755.181100
603.496800
603.486800
602.456900
751.181000
558.494000
735.448400
565.872000
730.301700
760.628900
742.462400
744.464200
772.637700
563.599500
762.304300
705.987500
569.683200
636.430800
733.893300
726.294500
694.076700
733.924500
733.658100
743.304800
733.703300
733.385500
762.872500
725.364300
633.299200
693.621700
765.899300
722.500700
633.450900
633.311000
726.968600
578.455400
748.121400
743.794600
526.660400
732.254800
712.661600
725.092700
711.176300
710.183800
795.491600
696.929000
548.943900
727.024100
727.052100
639.612600
740.419900
748.001000
623.689200
756.972800
545.812600
737.638200
636.725000
739.705600
739.668100
636.607600
765.931500
635.662400
736.544700
550.233400
552.355200
697.356100
709.489000
697.287000
702.458700
702.361000
713.648200
723.892300
711.240900
698.584300
631.057500
712.303700
578.581700
784.768700
698.210200
716.446600
713.164700
634.842900
711.695300
708.109500
622.984600
712.908700
546.001200
712.013100
743.873400
796.091400
630.691100
795.053100
543.873200
744.915700
789.107100
752.775200
686.020800
717.793900
711.588000
677.800600
752.374700
752.407100
764.238700
695.232200
768.320600
767.283900
574.831500
769.367100
703.689200
579.098000
575.056500
735.350100
562.844300
718.163800
563.888800
611.974600
731.371600
752.778700
765.194100
564.984200
728.333100
637.059400
629.724400
729.347600
748.673700
740.563200
733.455200
629.772300
723.579200
707.695000
763.989700
731.755800
634.710500
626.761800
769.207800
633.926800
634.985500
747.298000
737.066700
735.945500
737.991400
634.728600
722.741900
713.081300
536.497500
714.918800
720.020300
711.885200
710.813000
712.002600
715.006700
715.147800
712.132200
715.203500
716.247700
713.980700
716.056800
713.045000
714.104700
806.299600
787.242000
609.243200
809.380700
818.383200
818.374100
615.665000
819.355800
748.022400
790.272000
711.908700
694.102400
702.367900
703.412600
676.828400
682.971300
701.305900
702.338300
684.957700
705.432700
685.903900
689.015200
749.476100
833.274500
760.129200
760.219900
747.135700
570.052300
769.267800
767.331000
709.892500
551.980500
611.259800
681.358700
765.839300
718.248200
530.759300
747.226700
727.243300
628.070900
748.593300
730.494400
629.304800
804.871800
546.605100
725.295000
723.237500
732.425400
619.939000
743.569000
766.802300
763.638700
570.428900
766.565500
590.410800
761.443000
721.029400
770.322600
572.347400
631.348100
719.437200
719.220900
634.121900
634.236400
638.341800
730.400100
633.496400
721.383500
575.865600
726.231100
633.398800
632.399600
698.986100
760.261300
740.220200
744.292500
677.457700
790.978100
727.058400
760.202000
811.799700
576.820600
555.795200
571.074300
535.687600
790.538600
779.907700
762.085900
779.856000
545.278600
668.278300
789.868500
563.273800
791.353200
791.245600
794.289900
545.531800
540.461600
768.364600
706.219800
703.125300
703.220600
554.991200
757.072900
733.925700
702.302900
720.625000
545.225000
774.211100
817.285600
759.115000
803.331100
806.349600
543.000500
813.332500
750.014400
547.418000
745.599100
784.859500
540.753600
727.122000
630.620100
541.937700
783.883200
721.076800
692.358100
630.619700
631.686300
789.860400
547.629500
635.952300
720.117400
637.891400
715.014400
714.979100
688.688600
670.296000
592.084100
684.081400
746.055300
596.191000
590.837700
730.959300
634.401200
726.708900
735.831600
588.346600
689.754800
735.829100
733.760300
639.514600
730.643700
538.350400
778.078400
783.069100
761.998000
540.943700
721.543300
547.572500
566.580200
805.174600
770.207300
796.417300
622.168700
622.197900
593.095400
732.326500
736.586900
703.368300
572.507900
703.397000
734.792400
650.081700
719.721400
626.608200
629.808600
638.992800
728.013100
693.391300
676.790600
685.018700
725.812900
729.522800
712.737600
619.645600
731.700600
637.742900
581.672500
589.304700
743.255300
711.745300
752.392500
590.544400
581.880300
757.453300
756.215600
755.172400
620.719300
713.644600
747.860000
621.783200
730.186700
629.323400
725.700900
630.415500
748.040500
725.839500
724.860100
634.730700
745.181800
630.281000
631.349100
723.463900
678.249600
702.591100
715.983400
715.859700
717.962500
707.515200
710.652300
715.759600
713.694100
713.677200
713.674400
581.007300
693.484000
699.470800
708.693100
707.751900
690.265400
706.923800
701.787300
706.973800
698.777900
702.658900
699.598900
706.861500
707.923500
701.574800
702.653400
709.560100
604.278900
736.211000
611.919800
609.640600
759.253800
687.991300
720.784700
782.241600
791.278600
726.856600
539.772500
709.329000
757.097600
731.838600
823.312100
744.693100
739.321200
644.273000
548.985300
733.298400
566.901600
723.251300
713.210400
573.759600
573.884300
576.077400
795.162400
752.063600
738.996000
796.255300
801.284500
533.387700
797.345600
781.345400
727.153700
743.808200
731.123100
628.973600
639.186500
732.011200
727.897000
654.347900
567.741700
511.978800
511.929900
513.146900
637.336600
748.895300
785.141600
512.004300
515.400500
745.899500
784.180600
772.517100
721.039700
529.330200
704.306600
706.348400
685.874800
702.229900
674.605300
679.703100
640.699200
639.645200
589.315900
704.169200
610.117900
610.102800
617.331500
727.324800
720.405600
705.135000
732.245200
607.834600
772.350800
564.379200
749.402500
787.539100
728.481100
759.503400
721.930600
743.256900
730.128200
618.842300
760.471300
706.329900
570.393700
694.231800
728.874000
628.778100
626.776800
719.911500
723.996900
686.276000
631.054700
733.206300
722.135900
639.038800
732.859300
727.771900
638.913300
624.506300
697.197500
723.624000
696.045300
769.732200
582.591900
735.972400
718.762100
625.443800
623.371900
634.805700
635.970500
571.160700
758.279600
754.887900
567.653600
705.404200
575.379500
703.289100
574.134400
743.622500
637.695600
733.858700
579.814900
570.728400
768.727300
572.080300
568.631700
571.017700
689.939500
574.139400
752.729200
769.884900
765.839700
725.500500
570.401600
570.438700
541.931700
775.947000
762.897500
776.931300
745.733500
608.120600
717.271400
804.481000
698.225700
541.959300
800.365300
818.442900
543.137900
765.741800
784.838900
739.591100
553.870900
759.546900
788.703100
784.735700
538.120300
762.246600
758.281500
580.515500
579.463200
741.956300
703.975200
718.061100
563.789100
712.287000
632.158500
627.056800
727.722100
724.405000
651.628100
736.765100
736.739100
726.760300
608.489800
609.585200
731.926000
723.630800
699.402600
612.648800
609.512500
708.633600
672.122700
707.224700
753.122200
755.769700
763.208200
724.572400
751.454700
700.877400
585.668900
630.300000
707.848700
640.661900
737.954700
752.194400
583.139000
707.027400
701.891500
646.630600
708.060300
730.640500
718.387000
647.714300
768.067900
642.544700
593.061300
725.646000
672.513600
609.434800
753.935800
762.373000
703.753800
706.280100
772.671400
764.637400
640.623800
542.982700
751.620800
754.626600
743.514500
729.257300
724.330800
745.468400
571.889700
579.197200
720.216600
767.562900
687.356700
728.731200
626.464700
709.927000
714.955100
736.124000
624.055000
582.377400
716.033300
620.856000
620.145500
731.386000
737.376200
711.025800
726.234900
756.452900
607.411000
625.414900
726.501900
604.334100
738.606500
764.341700
696.741000
634.190600
590.812000
754.595100
743.792500
719.416600
723.461700
628.063400
728.187200
766.610700
760.554200
638.163900
831.270200
722.794900
614.233100
724.908500
723.939600
618.513700
683.153800
723.041900
718.013700
613.452900
715.060000
721.328400
600.194500
727.305000
752.449500
697.703900
587.306800
579.750900
713.344700
771.276100
785.281600
764.037300
588.672800
576.491300
720.576600
766.089800
583.230200
711.480800
702.155200
698.030600
703.093100
708.229600
695.854300
706.107900
706.093000
689.599600
698.793700
542.018900
780.283700
539.700600
561.341400
743.080700
639.330800
646.566700
688.554400
644.518500
710.552700
703.344100
711.563100
800.397100
683.860700
787.340300
539.656100
610.233900
730.827600
699.220200
708.959400
723.518800
722.472600
795.136100
707.794100
794.170800
540.802700
533.640900
663.927300
531.436800
565.514800
535.774600
753.631400
752.594500
567.247700
703.935400
564.273900
744.241800
799.481700
535.684100
723.460700
604.623600
695.886100
792.247200
791.114000
727.495600
602.357600
603.445600
526.247000
530.645900
741.095500
717.226600
796.282700
801.309700
793.314100
786.308700
590.134600
550.721300
671.167900
728.868900
770.147200
590.165500
702.477100
702.447200
718.765200
716.252700
608.042900
708.999300
550.896100
712.990600
702.695700
700.584900
701.562700
707.686500
797.201400
735.988400
645.905700
751.175500
800.276900
667.118900
732.965100
710.468900
598.599300
635.863200
726.080700
645.637300
693.787600
764.996600
707.982000
709.234900
712.234000
737.701900
741.696500
715.402200
606.595000
716.627500
604.720800
754.862000
606.743600
735.085300
714.671200
735.016300
736.056800
718.044000
724.107700
728.136000
604.840500
611.315300
609.212000
699.652900
613.287700
713.277800
611.448200
759.725100
750.640500
769.026300
815.459800
720.327300
625.945600
753.378900
714.076500
715.082800
712.042400
679.251800
675.189400
673.139900
791.002800
785.004300
781.006400
537.064200
791.058700
807.100500
540.393400
788.079000
788.087700
796.118800
706.022000
661.995900
703.327600
684.858900
673.381100
529.834700
703.186600
706.199200
700.099000
728.739900
680.491400
687.988300
666.161600
691.776400
704.030300
709.208000
579.838100
569.307400
730.135300
708.292900
632.719600
632.711900
633.770300
733.235100
705.122300
704.309600
720.527400
752.959400
680.515600
569.362400
712.642100
751.347700
550.696300
751.224600
580.865600
701.325900
745.216000
763.409000
579.721900
759.314600
578.481100
751.269900
698.195700
759.637800
561.447000
793.639700
789.580300
735.687800
754.795100
550.410300
792.806300
706.485200
721.757000
594.322300
738.873100
584.744800
700.514400
751.030000
585.806500
561.149200
615.714600
807.405400
767.601100
615.774600
610.457700
613.681700
808.490200
742.583800
807.427100
613.643100
633.082400
761.897600
720.503300
570.396600
717.332300
816.820200
572.732200
744.165400
571.747100
758.456600
757.496300
689.154800
761.550500
777.624400
574.058000
571.812200
751.506900
570.721800
784.053800
531.782300
819.098700
760.867500
797.975800
805.876500
746.780300
761.737800
621.320600
757.643100
560.682500
803.203300
631.592300
722.960500
713.273900
635.637200
627.677000
694.550900
735.739000
737.505300
553.195000
612.547300
613.588100
726.449000
619.980200
722.328300
613.630000
713.429500
592.024300
586.566700
587.609600
554.695000
549.089500
802.986600
785.994000
588.530400
807.270000
802.132900
807.183600
763.948700
585.298600
764.932100
589.638300
585.346700
757.941200
761.954900
571.928800
708.584600
723.926900
640.892800
627.702400
717.998200
714.998500
636.945700
754.039900
633.591600
633.613300
735.346300
559.894700
776.660900
743.415500
756.684200
570.025800
772.684900
726.203500
804.904100
697.676500
559.868900
722.921800
552.279000
634.843000
562.430700
726.211800
747.840100
609.836300
740.145800
571.534900
640.071700
687.286200
701.932700
701.974400
714.053600
717.157900
702.766600
704.941500
742.236900
739.236500
729.510700
650.453100
711.867500
727.916100
738.361900
707.733800
564.451100
565.558700
562.208900
805.960500
611.039300
605.601900
713.032600
723.352200
722.332300
603.426400
723.368200
601.199900
631.048900
731.179100
730.134700
630.540400
716.935100
633.657900
730.074400
629.430300
734.100100
725.776100
569.046600
654.026500
712.098200
716.474000
597.159100
610.494700
741.834400
711.157500
735.260000
704.017900
598.641200
724.222400
672.005100
692.505600
675.015500
721.174800
671.115900
667.041300
665.934000
734.948400
702.784400
637.048700
702.230600
750.327600
698.410700
547.241100
580.872000
560.614500
761.631500
619.951300
782.868600
569.917000
606.442700
605.435300
730.422900
744.489900
735.291400
740.367900
630.064900
753.956200
600.579800
722.555900
709.488300
599.587800
599.386400
562.072000
602.562800
702.177900
762.132500
588.096400
729.790100
639.555500
609.595500
697.034200
714.392300
723.591700
638.240400
673.279300
724.065600
728.062100
769.742200
702.001800
760.008500
724.534400
738.669500
561.668300
570.773800
747.002200
700.473200
706.002200
726.973900
723.567400
561.570500
552.839200
552.767200
709.437300
793.141000
547.406700
785.182200
552.801100
764.428400
695.761700
708.105000
706.980200
708.060100
763.013100
576.699600
690.980100
702.227300
725.835300
696.140700
701.386100
719.786400
695.312100
701.417500
697.431500
702.523500
731.257400
737.345100
693.322100
646.032800
604.388300
735.351200
785.919100
634.880700
710.697300
599.998500
710.691200
602.247000
738.328100
730.192900
705.592500
675.917500
584.545600
685.149400
614.349600
575.048500
722.521400
729.010100
785.910700
693.113500
726.877900
609.407000
719.672100
733.773400
725.715900
717.471900
710.382600
696.669200
805.229500
702.844600
637.376700
743.260800
737.152700
746.343500
566.124100
735.561800
631.515700
735.633100
731.639300
625.110200
730.407400
637.535100
738.545800
